p_val	avg_log2FC	pct.1	pct.2	p_val_adj	cluster	gene
9.64229878780985e-203	1.93432779583838	0.997	0.809	7.7533724552779e-199	1	ARHGDIB
6.38137376038408e-169	2.00519604596671	0.992	0.725	5.13126264072484e-165	1	GMFG
9.14249962366667e-159	-0.817790110239423	0.992	1	7.35148394739037e-155	1	RAN
3.19350888226544e-157	1.74763946189147	0.97	0.711	2.56790049222964e-153	1	CD27
1.24829179328647e-152	2.12425755236486	0.913	0.479	1.00375143098165e-148	1	CCDC109B
6.72025146270463e-147	1.71063668500914	0.982	0.754	5.4037542011608e-143	1	ITM2B
1.61530027661086e-145	-1.06206078824065	0.963	0.999	1.29886295242279e-141	1	CYCS
8.03844203086213e-145	-1.24476564661084	0.807	0.984	6.46371123701624e-141	1	NOP16
2.8757413796563e-143	-0.920637749170621	0.997	0.999	2.31238364338163e-139	1	NCL
5.84060539364151e-143	0.921761849584092	0.998	0.998	4.69643079702713e-139	1	MYL6
2.52658622140166e-141	1.54373737954809	0.965	0.714	2.03162798062907e-137	1	LCK
8.96437733847252e-140	1.94694731328807	0.951	0.575	7.20825581786575e-136	1	LEF1
1.09769798651483e-137	1.24697775484428	1	0.999	8.82658950956577e-134	1	TMSB4X
9.5723608489823e-136	-0.806689562289542	1	1	7.69713535866666e-132	1	NPM1
2.66406720253425e-134	2.73959032151603	0.599	0.116	2.14217643755779e-130	1	MAL
1.76420488164201e-133	-2.12219248334702	0.755	0.962	1.41859714532834e-129	1	NAMPT
4.90814628770614e-133	-1.41731535743152	0.812	0.976	3.94664042994451e-129	1	NOLC1
5.12647914090554e-133	3.11907365816369	0.631	0.148	4.12220187720215e-129	1	MYB
1.245938726474e-132	1.42244674327236	0.971	0.788	1.00185932995774e-128	1	LAMTOR4
1.9200030400995e-132	3.78512092653873	0.49	0.069	1.54387444454401e-128	1	MT1F
4.31939005526754e-161	5.39794328641454	0.541	0.066	3.47322154344063e-157	3	IL4I1
5.12677073176416e-159	2.05555928837419	0.973	0.584	4.12243634541156e-155	3	TNFRSF18
8.93073892321906e-150	3.1397823387876	0.787	0.256	7.18120716816045e-146	3	ANXA2
7.76237610532402e-115	1.97173851525865	0.93	0.594	6.24172662629104e-111	3	ID2
9.24666552605713e-112	2.01276016530628	0.807	0.326	7.43524374950254e-108	3	CD58
5.87697334501305e-110	4.8274203403206	0.434	0.066	4.72567426672499e-106	3	CTSH
2.55198374206019e-104	1.28427414426015	0.518	0.096	2.0520501269906e-100	3	CSF2
8.29978145939054e-102	2.16699090513246	0.766	0.312	6.67385427149593e-98	3	SH2D1A
7.89700154770211e-100	4.4680376002269	0.414	0.065	6.34997894450727e-96	3	LGALS3
3.2128566693192e-98	4.50210778555698	0.27	0.013	2.58345804779957e-94	3	CCR6
1.08174938212385e-92	0.540204921986221	1	1	8.69834678165789e-89	3	B2M
9.20911305660065e-92	2.58318609412515	0.398	0.061	7.40504780881258e-88	3	MAF
5.8765916614975e-89	-2.0553521729548	0.494	0.844	4.72536735501014e-85	3	CD27
1.81746233199018e-87	1.47934525563907	0.967	0.798	1.4614214611533e-83	3	TNFRSF4
1.37597020372394e-86	1.82681927065666	0.906	0.588	1.10641764081442e-82	3	S100A11
2.10564319091297e-82	2.2575666466595	0.426	0.082	1.69314768981312e-78	3	FAM129A
1.26983009432331e-79	2.29664095252918	0.682	0.285	1.02107037884538e-75	3	FURIN
1.86334800096685e-79	3.79096078338657	0.705	0.343	1.49831812757745e-75	3	LTB
2.00997961324803e-79	2.3874069554779	0.637	0.248	1.61622460701274e-75	3	APOBEC3G
4.60209526395723e-78	2.25355788469945	0.609	0.228	3.70054480174801e-74	3	SQRDL
1.35884301011839e-156	0.760159674954703	1	1	1.09264566443619e-152	2	NPM1
2.11129347538968e-140	0.966310652995686	1	0.999	1.69769108356084e-136	2	EIF1
4.2456819335206e-139	-1.09876877333922	0.988	0.998	3.41395284274392e-135	2	GAPDH
9.67995028322651e-135	0.982084010463116	1	0.984	7.78364802274244e-131	2	NOP58
9.83018944760339e-134	1.45892344517058	0.998	0.936	7.90445533481789e-130	2	SLC3A2
4.21656362334339e-127	0.719760406012998	1	0.998	3.39053880953042e-123	2	NCL
2.34586298607552e-119	0.866205145394261	0.998	0.997	1.88630842710333e-115	2	SRSF7
7.16266628418997e-115	-0.907895013228836	1	1	5.75949995911716e-111	2	ACTB
7.41168438280871e-110	0.726589152852551	0.998	0.988	5.95973541221648e-106	2	CYCS
1.76213928542505e-108	-2.09159100994426	0.624	0.921	1.41693619941029e-104	2	ARHGDIB
7.62386872879125e-106	-2.12816595371895	0.476	0.862	6.13035284482105e-102	2	CORO1A
4.87369550200525e-105	-1.26178059828969	0.718	0.955	3.91893855316242e-101	2	PPP1CA
1.67684027472802e-103	-3.19068103442285	0.192	0.713	1.3483472649088e-99	2	UCP2
4.71800001460736e-103	1.05466393122153	0.988	0.959	3.79374381174578e-99	2	RSL24D1
6.47475024537089e-103	-1.42448286245922	0.783	0.979	5.20634667230273e-99	2	MYL12A
1.06518760562478e-102	-1.86521033968029	0.43	0.869	8.56517353682882e-99	2	GNAI2
1.68230139841244e-102	-1.37116054765177	0.663	0.939	1.35273855446345e-98	2	DYNLL1
4.4561619132633e-102	-1.1408484330548	0.949	0.993	3.58319979445502e-98	2	ACTG1
7.25831201403692e-101	-1.7946032847469	0.471	0.902	5.83640869048709e-97	2	PSMB9
9.07392047161741e-100	-1.19066136772819	0.82	0.959	7.29633945122756e-96	2	TUBB
7.91642912668004e-148	-0.692576205587594	1	1	6.36560066076342e-144	0	B2M
3.21802759492029e-146	0.766761846753156	1	0.983	2.58761598907541e-142	0	HSPD1
2.02672167066425e-138	-0.927665789533032	1	1	1.62968689538112e-134	0	RPS27
4.80488508503524e-122	-0.682026210432699	1	0.999	3.86360809687683e-118	0	RPS29
3.53921364298407e-110	0.889639098603502	1	0.889	2.84588169032349e-106	0	ODC1
1.44540420429628e-99	0.511118309348621	1	0.998	1.16224952067464e-95	0	ATP5B
2.77167195797634e-99	1.14991891137186	0.984	0.742	2.22870142140878e-95	0	CCND3
1.35919192632163e-96	-0.789851601210893	1	1	1.09292622795522e-92	0	TPT1
1.60095357991951e-94	0.702297272670217	0.997	0.911	1.28732677361328e-90	0	PHB2
6.92139411332639e-93	0.661249746450619	1	0.953	5.56549300652575e-89	0	TCP1
3.4559391391079e-92	0.863397738562389	0.999	0.803	2.77892066175666e-88	0	FKBP4
1.9762119635157e-91	0.568817711387728	1	0.967	1.58907203986298e-87	0	CCT6A
3.11494651986871e-91	-1.36121981726003	1	0.999	2.50472849662643e-87	0	TMSB4X
6.69400738730457e-86	-1.28454249452207	0.983	0.99	5.38265134013161e-82	0	SRGN
1.26804832729776e-83	0.452526007044185	1	0.994	1.01963765998013e-79	0	LDHA
1.38676221173153e-80	-0.865003296727963	0.999	0.992	1.11509549445332e-76	0	IL2RG
2.00315848053754e-80	-1.09835473319363	1	0.999	1.61073973420024e-76	0	FTH1
2.20954681266152e-80	0.578013838135718	1	0.961	1.77669659206113e-76	0	CCT3
2.28486475708173e-79	-0.467896634073283	1	1	1.83725975116942e-75	0	RPL21
1.0946185628436e-76	-0.910927308382599	1	0.999	8.80182786382538e-73	0	TMSB10
2.23180305020185e-64	2.56169158148506	0.986	0.753	1.79459283266731e-60	4	RNF19A
9.7103237945982e-61	1.64650684141219	1	0.987	7.80807136323642e-57	4	SRGN
1.51339239075014e-57	0.749872762767865	1	1	1.21691882140219e-53	4	B2M
9.81453265157041e-49	-1.23639818589423	0.885	0.993	7.89186570512776e-45	4	ATP5G3
1.18458235520529e-48	3.24956366474579	0.824	0.414	9.52522671820571e-45	4	TNFSF8
2.09036632308569e-47	2.42989432506462	0.932	0.48	1.68086356039321e-43	4	EGR2
2.11074494987993e-47	0.958063840751306	1	1	1.69725001419845e-43	4	RPS27
2.12873602227442e-47	1.02702351720083	1	1	1.71171663551086e-43	4	TPT1
1.07821307786126e-46	2.86863898315895	0.662	0.211	8.66991135908242e-43	4	FASLG
3.69494605756463e-45	2.44606741055736	0.912	0.558	2.97110612488772e-41	4	NFKBID
6.83309823978556e-45	2.20934457791623	0.926	0.61	5.49449429461157e-41	4	SLAMF1
7.19857434675436e-44	2.16715790666898	0.946	0.643	5.78837363222518e-40	4	TNFSF14
1.24065962308652e-43	-1.67706459422467	0.601	0.956	9.97614402923872e-40	4	CACYBP
1.85018851866869e-43	2.6856838110377	0.899	0.497	1.48773658786149e-39	4	IL7R
3.40027918049643e-43	-2.7534306997325	0.297	0.841	2.73416448903718e-39	4	CCND3
4.85182075400251e-43	-1.33582626400371	0.736	0.98	3.90134906829342e-39	4	ATP5A1
1.49364659956437e-41	-2.33642071765868	0.378	0.878	1.20104123070971e-37	4	CDK2AP2
2.68896555596647e-41	-1.67884592862875	0.669	0.944	2.16219720355264e-37	4	TUBB
6.56966890567536e-40	2.94769240025286	0.851	0.497	5.28267076705355e-36	4	PHLDA1
1.77729671660637e-39	3.66490493882012	0.547	0.159	1.42912428982318e-35	4	CSF2
